x, y, theta
7.230123999999999995e-01,7.600000000000000080e-06,8.989999949742674801e+01
7.317390000000000283e-01,3.049999999999999936e-05,8.979999967030121866e+01
7.404654999999999987e-01,6.849999999999999806e-05,8.970000038554691457e+01
7.491919999999999691e-01,1.218000000000000061e-04,8.960000018448756975e+01
7.579183999999999921e-01,1.903999999999999931e-04,8.949999990424957730e+01
7.666446000000000094e-01,2.741999999999999971e-04,8.940000039390461950e+01
7.753706999999999683e-01,3.732000000000000183e-04,8.930000020478043155e+01
7.840966000000000324e-01,4.873999999999999752e-04,8.920000017990862773e+01
7.928222999999999798e-01,6.168000000000000305e-04,8.910000001644593226e+01
8.015476999999999741e-01,7.615000000000000241e-04,8.900000053729365845e+01
8.102728999999999626e-01,9.213999999999999534e-04,8.890000030980446866e+01
8.189977999999999980e-01,1.096600000000000092e-03,8.880000015281513015e+01
8.277223999999999693e-01,1.286999999999999950e-03,8.869999978338390179e+01
8.364466000000000401e-01,1.492599999999999960e-03,8.860000004414747821e+01
8.451705000000000467e-01,1.713399999999999906e-03,8.849999948650368253e+01
8.538938999999999835e-01,1.949400000000000004e-03,8.840000009846720275e+01
8.626169000000000198e-01,2.200699999999999878e-03,8.830000039738384032e+01
8.713395000000000445e-01,2.467200000000000122e-03,8.820000011016995245e+01
8.800615999999999994e-01,2.748899999999999868e-03,8.810000007904159247e+01
8.887831999999999955e-01,3.045899999999999823e-03,8.799999996074947717e+01
8.975043000000000326e-01,3.357999999999999874e-03,8.789999953002210020e+01
9.062248000000000525e-01,3.685400000000000134e-03,8.779999954669806073e+01
9.149447000000000552e-01,4.028000000000000330e-03,8.769999974729597625e+01
9.236640000000000406e-01,4.385799999999999595e-03,8.759999982833919319e+01
9.323827000000000087e-01,4.758899999999999936e-03,8.749999943636910871e+01
9.411007000000000122e-01,5.147200000000000213e-03,8.739999945864308017e+01
9.498180000000000511e-01,5.550600000000000152e-03,8.729999964541080715e+01
9.585346000000000144e-01,5.969300000000000300e-03,8.719999958697752618e+01
9.672503999999999547e-01,6.403200000000000384e-03,8.710000017604467359e+01
9.759655000000000413e-01,6.852300000000000404e-03,8.699999996423851201e+01
9.846797999999999940e-01,7.316600000000000360e-03,8.689999979208219827e+01
9.933931999999999762e-01,7.796199999999999658e-03,8.680000043571273238e+01
1.002105800000000047e+00,8.290900000000000353e-03,8.670000057269092508e+01
1.010817599999999983e+00,8.800900000000000389e-03,8.659999976906665609e+01
1.019528400000000001e+00,9.325999999999999221e-03,8.650000014231589773e+01
1.028238299999999938e+00,9.866400000000000864e-03,8.640000010614224379e+01
1.036947300000000016e+00,1.042189999999999957e-02,8.629999949809646864e+01
1.045655199999999896e+00,1.099269999999999935e-02,8.620000015472355415e+01
1.054362199999999916e+00,1.157859999999999966e-02,8.609999963425742919e+01
1.063068099999999960e+00,1.217969999999999990e-02,8.599999984467042680e+01
1.071772900000000028e+00,1.279609999999999949e-02,8.590000039888596461e+01
1.080476699999999957e+00,1.342759999999999961e-02,8.580000001077681304e+01
1.089179300000000072e+00,1.407429999999999966e-02,8.570000058107611096e+01
1.097880900000000048e+00,1.473619999999999965e-02,8.559999951910948823e+01
1.106581199999999932e+00,1.541329999999999957e-02,8.549999994734763220e+01
1.115280300000000002e+00,1.610560000000000117e-02,8.540000041749497939e+01
1.123978300000000097e+00,1.681310000000000096e-02,8.529999948188282133e+01
1.132674900000000040e+00,1.753570000000000129e-02,8.520000035698426188e+01
1.141370299999999949e+00,1.827350000000000155e-02,8.510000036084670683e+01
1.150064399999999987e+00,1.902649999999999827e-02,8.500000032943860617e+01
1.158757199999999932e+00,1.979469999999999841e-02,8.489999995666674693e+01
1.167448599999999947e+00,2.057799999999999907e-02,8.480000018150090568e+01
1.176138700000000092e+00,2.137649999999999967e-02,8.469999945642635453e+01
1.184827300000000028e+00,2.219020000000000020e-02,8.459999975703389907e+01
1.193514500000000034e+00,2.301900000000000127e-02,8.449999974532870795e+01
1.202200200000000052e+00,2.386299999999999880e-02,8.440000014928865824e+01
1.210884499999999919e+00,2.472219999999999973e-02,8.429999952146680187e+01
1.219567199999999962e+00,2.559650000000000120e-02,8.419999995116562275e+01
1.228248400000000018e+00,2.648589999999999972e-02,8.409999999671158832e+01
1.236928000000000027e+00,2.739050000000000165e-02,8.400000037674216458e+01
1.245606100000000049e+00,2.831030000000000005e-02,8.389999964402373678e+01
1.254282499999999967e+00,2.924519999999999897e-02,8.379999989357665413e+01
1.262957300000000060e+00,3.019519999999999843e-02,8.369999968392542655e+01
1.271630400000000050e+00,3.116040000000000129e-02,8.359999972428127535e+01
1.280301799999999934e+00,3.214070000000000121e-02,8.349999983591453656e+01
1.288971499999999937e+00,3.313619999999999760e-02,8.339999958462776419e+01
1.297639399999999998e+00,3.414679999999999799e-02,8.329999993376097223e+01
1.306305599999999956e+00,3.517250000000000237e-02,8.319999944228041500e+01
1.314969899999999914e+00,3.621329999999999688e-02,8.310000008294936436e+01
1.323632399999999931e+00,3.726920000000000233e-02,8.300000041449364119e+01
1.332293100000000008e+00,3.834030000000000077e-02,8.289999999209763359e+01
1.340951900000000085e+00,3.942650000000000321e-02,8.279999978714143083e+01
1.349608799999999942e+00,4.052780000000000271e-02,8.269999949571840148e+01
1.358263699999999963e+00,4.164419999999999927e-02,8.259999995029488673e+01
1.366916699999999985e+00,4.277569999999999983e-02,8.249999971008287503e+01
1.375567699999999949e+00,4.392229999999999746e-02,8.239999960703602255e+01
1.384216600000000019e+00,4.508399999999999908e-02,8.230000047206135605e+01
1.392863600000000091e+00,4.626079999999999776e-02,8.219999972904993513e+01
1.401508399999999988e+00,4.745270000000000044e-02,8.210000047926716604e+01
1.410151200000000049e+00,4.865970000000000018e-02,8.200000014687590522e+01
1.418791899999999995e+00,4.988170000000000104e-02,8.189999972316942944e+01
1.427430399999999988e+00,5.111879999999999896e-02,8.179999987937000583e+01
1.436066700000000029e+00,5.237109999999999682e-02,8.170000014372894270e+01
1.444700899999999955e+00,5.363829999999999987e-02,8.159999957255003267e+01
1.453332800000000091e+00,5.492070000000000285e-02,8.149999963077917187e+01
1.461962399999999995e+00,5.621810000000000002e-02,8.140000034798268302e+01
1.470589799999999947e+00,5.753060000000000118e-02,8.130000011681211447e+01
1.479214900000000110e+00,5.885809999999999653e-02,8.119999993869285504e+01
1.487837599999999982e+00,6.020070000000000282e-02,8.110000046717716771e+01
1.496458000000000066e+00,6.155830000000000329e-02,8.100000044158109347e+01
1.505076099999999917e+00,6.293100000000000083e-02,8.089999937939344932e+01
1.513691700000000084e+00,6.431870000000000642e-02,8.079999941899087901e+01
1.522304799999999902e+00,6.572139999999999926e-02,8.070000025720760561e+01
1.530915500000000096e+00,6.713919999999999610e-02,8.060000027317710192e+01
1.539523699999999939e+00,6.857199999999999407e-02,8.050000047810718229e+01
1.548129400000000100e+00,7.001979999999999316e-02,8.040000056881702051e+01
1.556732599999999911e+00,7.148269999999999624e-02,8.030000004905332389e+01
1.565333199999999980e+00,7.296049999999999758e-02,8.020000012901734010e+01
1.573931200000000086e+00,7.445340000000000291e-02,8.010000011640566697e+01
1.582526600000000006e+00,7.596120000000000649e-02,8.000000009909469156e+01
1.591119299999999903e+00,7.748410000000000020e-02,7.990000050505828710e+01
1.599709400000000059e+00,7.902199999999999502e-02,7.980000009827880092e+01
1.608296799999999971e+00,8.057480000000000198e-02,7.969999990693084158e+01
1.616881400000000024e+00,8.214259999999999617e-02,7.960000055192250557e+01
1.625463300000000055e+00,8.372549999999999437e-02,7.950000039139086994e+01
1.634042500000000064e+00,8.532330000000000469e-02,7.939999953580245062e+01
1.642618799999999935e+00,8.693599999999999939e-02,7.929999993783462742e+01
1.651192299999999946e+00,8.856369999999999520e-02,7.919999995562051254e+01
1.659762900000000041e+00,9.020640000000000602e-02,7.910000040809579502e+01
1.668330700000000055e+00,9.186410000000000409e-02,7.899999986296536747e+01
1.676895500000000094e+00,9.353670000000000040e-02,7.890000048351470241e+01
1.685457500000000053e+00,9.522419999999999496e-02,7.879999971886462617e+01
1.694016399999999978e+00,9.692670000000000452e-02,7.870000041521201695e+01
1.702572399999999986e+00,9.864409999999999845e-02,7.860000024267496599e+01
1.711125400000000019e+00,1.003764999999999935e-01,7.849999979418285534e+01
1.719675300000000018e+00,1.021238000000000007e-01,7.840000011408328362e+01
1.728222200000000042e+00,1.038859000000000032e-01,7.830000000874089494e+01
1.736766000000000032e+00,1.056630999999999959e-01,7.819999960003124784e+01
1.745306599999999930e+00,1.074550999999999978e-01,7.810000040246747233e+01
1.753844200000000075e+00,1.092619999999999980e-01,7.799999963677649362e+01
1.762378500000000070e+00,1.110837999999999964e-01,7.790000036167565156e+01
1.770909700000000031e+00,1.129204999999999931e-01,7.780000003068457204e+01
1.779437600000000064e+00,1.147721000000000019e-01,7.770000057914315050e+01
1.787962400000000063e+00,1.166385999999999951e-01,7.759999946225799761e+01
1.796483800000000075e+00,1.185200000000000004e-01,7.749999973243876639e+01
1.805001899999999937e+00,1.204162000000000010e-01,7.740000021361690585e+01
1.813516700000000093e+00,1.223272999999999999e-01,7.730000035329169350e+01
1.822028200000000098e+00,1.242531999999999942e-01,7.720000009891315074e+01
1.830536299999999894e+00,1.261940000000000006e-01,7.710000001108515733e+01
1.839040999999999926e+00,1.281497000000000053e-01,7.699999978206416529e+01
1.847542299999999971e+00,1.301201999999999914e-01,7.689999936383239287e+01
1.856040099999999970e+00,1.321054999999999868e-01,7.679999957013889400e+01
1.864534399999999925e+00,1.341055999999999915e-01,7.670000009772726912e+01
1.873025200000000057e+00,1.361206000000000083e-01,7.660000037777170689e+01
1.881512499999999921e+00,1.381504000000000065e-01,7.650000036868290465e+01
1.889996299999999962e+00,1.401949999999999863e-01,7.639999976720594077e+01
1.898476400000000064e+00,1.422544000000000031e-01,7.630000049672338491e+01
1.906952999999999898e+00,1.443286000000000013e-01,7.620000002547949691e+01
1.915425900000000015e+00,1.464176000000000089e-01,7.610000027496649011e+01
1.923895200000000028e+00,1.485213999999999979e-01,7.599999982721591607e+01
1.932360800000000101e+00,1.506398999999999933e-01,7.589999976813901128e+01
1.940822599999999953e+00,1.527733000000000008e-01,7.580000034616224980e+01
1.949280799999999925e+00,1.549213000000000118e-01,7.569999987620299464e+01
1.957735199999999898e+00,1.570842000000000072e-01,7.559999943018178215e+01
1.966185700000000036e+00,1.592618000000000089e-01,7.550000037796669972e+01
1.974632500000000013e+00,1.614540999999999893e-01,7.540000019846866053e+01
1.983075399999999933e+00,1.636612000000000067e-01,7.530000051746885958e+01
1.991514500000000076e+00,1.658831000000000055e-01,7.519999991798991346e+01
1.999949699999999941e+00,1.681196000000000079e-01,7.509999978917703345e+01
2.008380900000000135e+00,1.703708999999999918e-01,7.500000034725333364e+01
2.016808300000000109e+00,1.726368000000000069e-01,7.489999966592458236e+01
2.025231600000000132e+00,1.749175000000000035e-01,7.480000016586568279e+01
2.033650999999999875e+00,1.772129000000000065e-01,7.469999962665210091e+01
2.042066300000000112e+00,1.795229999999999881e-01,7.459999995457638988e+01
2.050477599999999789e+00,1.818477000000000010e-01,7.450000004520839525e+01
2.058884799999999959e+00,1.841871999999999954e-01,7.440000008688727462e+01
2.067287900000000178e+00,1.865412999999999932e-01,7.430000038757469838e+01
2.075686900000000001e+00,1.889099999999999946e-01,7.420000064661778083e+01
2.084081799999999873e+00,1.912935000000000052e-01,7.409999993549618580e+01
2.092472499999999958e+00,1.936914999999999887e-01,7.399999999112228011e+01
2.100858999999999810e+00,1.961042000000000063e-01,7.389999988141677534e+01
2.109241200000000038e+00,1.985316000000000025e-01,7.380000039873928586e+01
2.117619299999999871e+00,2.009734999999999994e-01,7.369999967689261666e+01
2.125992999999999800e+00,2.034301000000000026e-01,7.360000007183701598e+01
2.134362400000000104e+00,2.059013000000000093e-01,7.350000049888642195e+01
2.142727600000000177e+00,2.083870999999999918e-01,7.339999955591264325e+01
2.151088300000000064e+00,2.108875000000000055e-01,7.330000023341952442e+01
2.159444699999999884e+00,2.134024999999999950e-01,7.320000002998818900e+01
2.167796699999999799e+00,2.159320999999999879e-01,7.309999973809634355e+01
2.176144199999999973e+00,2.184762000000000093e-01,7.300000048294435828e+01
2.184487299999999799e+00,2.210349000000000064e-01,7.290000053063553764e+01
2.192826000000000164e+00,2.236082000000000070e-01,7.279999957549934209e+01
2.201160100000000064e+00,2.261960000000000082e-01,7.269999984080057231e+01
2.209489699999999779e+00,2.287984000000000129e-01,7.259999958690501387e+01
2.217814699999999917e+00,2.314151999999999876e-01,7.250000028843751920e+01
2.226135199999999870e+00,2.340466999999999964e-01,7.239999951587698490e+01
2.234450999999999965e+00,2.366926000000000030e-01,7.230000018463205436e+01
2.242762200000000039e+00,2.393530000000000102e-01,7.220000055373978398e+01
2.251068800000000092e+00,2.420279999999999931e-01,7.209999996750060802e+01
2.259370699999999843e+00,2.447174000000000016e-01,7.199999991476805405e+01
2.267667900000000181e+00,2.474213000000000107e-01,7.189999973991480431e+01
2.275960299999999936e+00,2.501397000000000204e-01,7.180000022620461664e+01
2.284247999999999834e+00,2.528726000000000029e-01,7.169999997848086082e+01
2.292530900000000038e+00,2.556199000000000110e-01,7.160000014046975991e+01
2.300809000000000104e+00,2.583816999999999919e-01,7.150000004706591028e+01
2.309082300000000032e+00,2.611578999999999984e-01,7.139999975657855202e+01
2.317350699999999986e+00,2.639485999999999777e-01,7.129999968553919132e+01
2.325614199999999965e+00,2.667536999999999825e-01,7.119999989413997810e+01
2.333872799999999970e+00,2.695732000000000128e-01,7.110000007896361751e+01
2.342126500000000000e+00,2.724071000000000131e-01,7.099999993659319841e+01
2.350375200000000220e+00,2.752553999999999834e-01,7.090000024644952248e+01
2.358618900000000185e+00,2.781180999999999792e-01,7.080000070316495453e+01
2.366857700000000175e+00,2.809952000000000005e-01,7.069999991985299914e+01
2.375091400000000075e+00,2.838866999999999918e-01,7.059999975484133472e+01
2.383319999999999883e+00,2.867925000000000058e-01,7.050000028329749568e+01
2.391543599999999881e+00,2.897126999999999897e-01,7.039999973960539137e+01
2.399761999999999951e+00,2.926472999999999991e-01,7.029999997611791684e+01
2.407975299999999930e+00,2.955961999999999756e-01,7.019999999346168806e+01
2.416183499999999817e+00,2.985593999999999748e-01,7.009999948994045837e+01
2.424386399999999941e+00,3.015368999999999966e-01,7.000000031748427887e+01
2.432584199999999974e+00,3.045286999999999855e-01,6.990000001806188834e+01
2.440776699999999799e+00,3.075348999999999999e-01,6.980000004518750245e+01
2.448964000000000141e+00,3.105552999999999786e-01,6.969999980781032889e+01
2.457145999999999830e+00,3.135900999999999827e-01,6.959999928301816396e+01
2.465322599999999920e+00,3.166391000000000067e-01,6.950000003535478754e+01
2.473494000000000081e+00,3.197022999999999948e-01,6.939999961725119704e+01
2.481659899999999919e+00,3.227798000000000056e-01,6.930000054141028443e+01
2.489820499999999992e+00,3.258715999999999835e-01,6.920000035534378924e+01
2.497975700000000021e+00,3.289775999999999812e-01,6.910000023258940871e+01
2.506125500000000006e+00,3.320979000000000014e-01,6.899999946019816832e+01
2.514269800000000110e+00,3.352322999999999831e-01,6.889999962442321646e+01
2.522408599999999890e+00,3.383809999999999873e-01,6.879999959764163009e+01
2.530541899999999789e+00,3.415439000000000114e-01,6.869999948607247120e+01
2.538669599999999971e+00,3.447208999999999968e-01,6.860000047030625581e+01
2.546791799999999828e+00,3.479122000000000048e-01,6.850000034316268227e+01
2.554908499999999805e+00,3.511175999999999742e-01,6.839999963830778995e+01
2.563019499999999784e+00,3.543371000000000159e-01,6.830000018632277659e+01
2.571124900000000046e+00,3.575709000000000248e-01,6.819999976886438731e+01
2.579224599999999867e+00,3.608186999999999922e-01,6.810000041920559966e+01
2.587318699999999971e+00,3.640806999999999793e-01,6.799999991862590321e+01
2.595406999999999798e+00,3.673567999999999834e-01,6.790000051509896650e+01
2.603489600000000070e+00,3.706471000000000071e-01,6.780000040914633530e+01
2.611566499999999902e+00,3.739513999999999894e-01,6.770000016158624589e+01
2.619637599999999900e+00,3.772697999999999885e-01,6.760000009748182492e+01
2.627702900000000064e+00,3.806023000000000045e-01,6.749999991129037369e+01
2.635762300000000113e+00,3.839488999999999819e-01,6.740000035539250689e+01
2.643815899999999885e+00,3.873095999999999761e-01,6.730000006479424712e+01
2.651863599999999987e+00,3.906841999999999815e-01,6.720000067846440572e+01
2.659905499999999812e+00,3.940730000000000066e-01,6.709999950631117827e+01
2.667941400000000129e+00,3.974756999999999874e-01,6.699999969018280410e+01
2.675971300000000053e+00,4.008924999999999850e-01,6.690000003178346333e+01
2.683995299999999862e+00,4.043232999999999966e-01,6.679999961910743878e+01
2.692013199999999884e+00,4.077681000000000222e-01,6.670000025478437067e+01
2.700025199999999792e+00,4.112269000000000063e-01,6.659999952844437132e+01
2.708031099999999913e+00,4.146996000000000016e-01,6.649999969649759635e+01
2.716030899999999804e+00,4.181864000000000137e-01,6.639999953987833692e+01
2.724024599999999907e+00,4.216869999999999785e-01,6.630000012784495311e+01
2.732012199999999780e+00,4.252017000000000158e-01,6.619999977706180516e+01
2.739993600000000029e+00,4.287302000000000057e-01,6.610000061544079131e+01
2.747968900000000048e+00,4.322727000000000097e-01,6.600000036548139803e+01
2.755937999999999999e+00,4.358291000000000248e-01,6.590000023411465691e+01
2.763900899999999883e+00,4.393993999999999955e-01,6.579999991737408038e+01
2.771857499999999863e+00,4.429835999999999774e-01,6.570000015568773222e+01
2.779807900000000220e+00,4.465817000000000259e-01,6.559999959906099321e+01
2.787751899999999949e+00,4.501936000000000271e-01,6.550000050422576692e+01
2.795689700000000055e+00,4.538194999999999868e-01,6.539999952986370602e+01
2.803621099999999977e+00,4.574591000000000074e-01,6.529999988526328991e+01
2.811546100000000159e+00,4.611125999999999836e-01,6.520000031109367455e+01
2.819464799999999993e+00,4.647799000000000236e-01,6.509999994150527414e+01
2.827376999999999807e+00,4.684611000000000192e-01,6.500000006836782518e+01
2.835282799999999881e+00,4.721560000000000201e-01,6.490000031472303021e+01
2.843182200000000215e+00,4.758646999999999738e-01,6.479999989462632470e+01
2.851074999999999804e+00,4.795872999999999942e-01,6.470000008690537641e+01
2.858961400000000097e+00,4.833235000000000170e-01,6.459999998183539560e+01
2.866841200000000089e+00,4.870735999999999954e-01,6.449999987540265067e+01
2.874714500000000061e+00,4.908373999999999793e-01,6.439999941044759169e+01
2.882581099999999896e+00,4.946149000000000240e-01,6.430000035150385429e+01
2.890441200000000155e+00,4.984061000000000186e-01,6.420000032940870938e+01
2.898294700000000113e+00,5.022111000000000214e-01,6.409999957386953895e+01
2.906141400000000097e+00,5.060297999999999741e-01,6.400000033853740433e+01
2.913981600000000061e+00,5.098620999999999848e-01,6.389999973192429650e+01
2.921815000000000051e+00,5.137081999999999482e-01,6.379999953158728232e+01
2.929641699999999904e+00,5.175678000000000223e-01,6.369999991956886731e+01
2.937461599999999784e+00,5.214412000000000491e-01,6.360000009870086757e+01
2.945274799999999971e+00,5.253282000000000229e-01,6.349999975224539384e+01
2.953081200000000184e+00,5.292288000000000547e-01,6.339999960442492721e+01
2.960880700000000143e+00,5.331430999999999809e-01,6.329999986100705911e+01
2.968673400000000129e+00,5.370709000000000177e-01,6.320000022136356677e+01
2.976459300000000141e+00,5.410123999999999489e-01,6.309999935086946721e+01
2.984238200000000063e+00,5.449673999999999907e-01,6.300000002361664997e+01
2.992010300000000012e+00,5.489359999999999795e-01,6.289999937421560361e+01
2.999775300000000033e+00,5.529180999999999679e-01,6.280000068100857646e+01
3.007533500000000082e+00,5.569138000000000144e-01,6.270000005766121376e+01
3.015284600000000204e+00,5.609231000000000078e-01,6.260000025324858797e+01
3.023028800000000071e+00,5.649458000000000535e-01,6.249999998187534800e+01
3.030765900000000013e+00,5.689821000000000462e-01,6.239999991768827670e+01
3.038495900000000027e+00,5.730319000000000385e-01,6.230000028208679907e+01
3.046218899999999952e+00,5.770950999999999720e-01,6.220000028989696261e+01
3.053934799999999949e+00,5.811718000000000162e-01,6.210000011977869150e+01
3.061643500000000184e+00,5.852619999999999489e-01,6.200000047756224575e+01
3.069345100000000048e+00,5.893656999999999924e-01,6.190000004363896835e+01
3.077039500000000150e+00,5.934827000000000297e-01,6.180000060497569336e+01
3.084726799999999880e+00,5.976131999999999556e-01,6.169999976790128926e+01
3.092406800000000011e+00,6.017571000000000447e-01,6.159999978753433680e+01
3.100079500000000099e+00,6.059143999999999641e-01,6.150000035755212480e+01
3.107744999999999980e+00,6.100851000000000468e-01,6.140000016552745166e+01
3.115403199999999817e+00,6.142691999999999597e-01,6.129999991313525243e+01
3.123054100000000055e+00,6.184665999999999775e-01,6.119999984609756183e+01
3.130697599999999969e+00,6.226774000000000475e-01,6.110000011275701581e+01
3.138333799999999840e+00,6.269015000000000004e-01,6.099999995720675372e+01
3.145962599999999831e+00,6.311388999999999472e-01,6.090000007965672779e+01
3.153583999999999943e+00,6.353895999999999988e-01,6.080000017613831176e+01
3.161198000000000174e+00,6.396536000000000444e-01,6.069999994268337673e+01
3.168804499999999802e+00,6.439308999999999727e-01,6.060000007366731722e+01
3.176403500000000157e+00,6.482215000000000060e-01,6.050000026218965132e+01
3.183994999999999909e+00,6.525254000000000332e-01,6.040000020134888814e+01
3.191579099999999780e+00,6.568424000000000484e-01,6.029999972437724409e+01
3.199155499999999819e+00,6.611726999999999466e-01,6.020000038196099013e+01
3.206724400000000141e+00,6.655162999999999496e-01,6.009999987447386616e+01
3.214285700000000023e+00,6.698730000000000517e-01,6.000000003335410526e+01
3.221839399999999909e+00,6.742428999999999784e-01,5.989999998445271245e+01
3.229385399999999962e+00,6.786259999999999515e-01,5.980000041350074014e+01
3.236923800000000018e+00,6.830222000000000238e-01,5.970000060159755861e+01
3.244454499999999797e+00,6.874316999999999789e-01,5.960000007790517884e+01
3.251977500000000187e+00,6.918541999999999748e-01,5.950000027437432948e+01
3.259492799999999857e+00,6.962899000000000171e-01,5.939999972705044229e+01
3.267000299999999857e+00,7.007385999999999893e-01,5.930000028368097276e+01
3.274500000000000188e+00,7.052005000000000079e-01,5.920000047036558755e+01
3.281991999999999798e+00,7.096755000000000146e-01,5.909999958160793199e+01
3.289476099999999903e+00,7.141634999999999511e-01,5.899999986962344423e+01
3.296952399999999894e+00,7.186645999999999868e-01,5.889999945781728030e+01
3.304420799999999936e+00,7.231786999999999521e-01,5.879999961445135170e+01
3.311881300000000028e+00,7.277057999999999582e-01,5.870000003603223604e+01
3.319333900000000170e+00,7.322459999999999525e-01,5.859999982202868551e+01
3.326778500000000083e+00,7.367991999999999875e-01,5.850000023961755602e+01
3.334215200000000046e+00,7.413653000000000048e-01,5.840000060661007808e+01
3.341644000000000059e+00,7.459445000000000103e-01,5.829999942033877858e+01
3.349064700000000006e+00,7.505365000000000508e-01,5.820000013158185226e+01
3.356477400000000166e+00,7.551415999999999684e-01,5.809999965127065025e+01
3.363881999999999817e+00,7.597595000000000320e-01,5.800000046121611774e+01
3.371278600000000125e+00,7.643904000000000254e-01,5.790000007320337971e+01
3.378667099999999923e+00,7.690342000000000011e-01,5.779999976093563419e+01
3.386047500000000099e+00,7.736908000000000118e-01,5.769999983204179017e+01
3.393419699999999928e+00,7.783603999999999523e-01,5.759999972640490995e+01
3.400783800000000134e+00,7.830428000000000388e-01,5.749999939600160559e+01
3.408139600000000158e+00,7.877380000000000493e-01,5.740000047197467836e+01
3.415487300000000115e+00,7.924461000000000421e-01,5.730000010057332105e+01
3.422826800000000169e+00,7.971669999999999590e-01,5.719999956111281136e+01
3.430158000000000040e+00,8.019007000000000218e-01,5.709999951288961029e+01
3.437480900000000172e+00,8.066472000000000087e-01,5.699999964981182643e+01
3.444795500000000121e+00,8.114063999999999721e-01,5.690000029157095440e+01
3.452101799999999887e+00,8.161783999999999706e-01,5.680000050963614200e+01
3.459399799999999914e+00,8.209632000000000041e-01,5.669999999791633627e+01
3.466689399999999921e+00,8.257607000000000141e-01,5.660000003780349687e+01
3.473970599999999909e+00,8.305709000000000009e-01,5.650000032493779401e+01
3.481243500000000157e+00,8.353937999999999642e-01,5.639999960049742356e+01
3.488507900000000106e+00,8.402294000000000151e-01,5.629999947014218975e+01
3.495763800000000199e+00,8.450777000000000427e-01,5.619999962619066025e+01
3.503011299999999828e+00,8.499385999999999886e-01,5.609999944896098611e+01
3.510250200000000209e+00,8.548120999999999636e-01,5.600000053910894593e+01
3.517480700000000127e+00,8.596983000000000263e-01,5.590000005034936237e+01
3.524702599999999908e+00,8.645971000000000073e-01,5.580000021799897070e+01
3.531915999999999833e+00,8.695085000000000175e-01,5.569999978934679064e+01
3.539120699999999786e+00,8.744324999999999459e-01,5.560000035272062036e+01
3.546316899999999883e+00,8.793691000000000146e-01,5.549999970989754416e+01
3.553504400000000008e+00,8.843182000000000542e-01,5.540000009539633652e+01
3.560683299999999996e+00,8.892797999999999536e-01,5.530000026257815193e+01
3.567853599999999847e+00,8.942539999999999933e-01,5.519999925632900073e+01
3.575015099999999890e+00,8.992405999999999455e-01,5.509999996152148327e+01
3.582167899999999960e+00,9.042398000000000380e-01,5.499999982188585079e+01
3.589312000000000058e+00,9.092514000000000429e-01,5.489999984578303582e+01
3.596447299999999903e+00,9.142755000000000187e-01,5.480000000942810345e+01
3.603573799999999938e+00,9.193120000000000180e-01,5.470000066701570773e+01
3.610691600000000001e+00,9.243609999999999882e-01,5.459999991758628823e+01
3.617800499999999975e+00,9.294223999999999819e-01,5.449999998789592581e+01
3.624900600000000139e+00,9.344961999999999991e-01,5.439999963963995810e+01
3.631991800000000215e+00,9.395824000000000398e-01,5.429999950032528488e+01
3.639074100000000200e+00,9.446809000000000456e-01,5.419999993369950886e+01
3.646147500000000097e+00,9.497917999999999639e-01,5.409999996612992135e+01
3.653211999999999904e+00,9.549149999999999583e-01,5.399999996460724816e+01
3.660267499999999785e+00,9.600505999999999762e-01,5.389999987815275517e+01
3.667314100000000021e+00,9.651984000000000119e-01,5.379999982555079896e+01
3.674351600000000051e+00,9.703585999999999601e-01,5.370000000021533282e+01
3.681380100000000155e+00,9.755310000000000370e-01,5.360000052620588917e+01
3.688399599999999889e+00,9.807156999999999680e-01,5.350000042150848856e+01
3.695410100000000142e+00,9.859126000000000278e-01,5.340000006412829237e+01
3.702411399999999908e+00,9.911218000000000528e-01,5.330000030638439057e+01
3.709403700000000192e+00,9.963431000000000370e-01,5.320000037363202949e+01
3.716386799999999990e+00,1.001576699999999986e+00,5.310000042698089828e+01
3.723360800000000026e+00,1.006822399999999895e+00,5.300000061815511998e+01
3.730325699999999856e+00,1.012080400000000102e+00,5.289999926553669241e+01
3.737281299999999806e+00,1.017350399999999988e+00,5.279999996436757925e+01
3.744227700000000159e+00,1.022632599999999892e+00,5.270000011264868789e+01
3.751164900000000024e+00,1.027926899999999977e+00,5.260000009881980532e+01
3.758092899999999847e+00,1.033233300000000021e+00,5.249999962009820820e+01
3.765011499999999955e+00,1.038551800000000025e+00,5.240000018950379967e+01
3.771920900000000021e+00,1.043882299999999930e+00,5.230000038435398579e+01
3.778821000000000208e+00,1.049224900000000016e+00,5.220000010974699478e+01
3.785711699999999791e+00,1.054579600000000061e+00,5.209999996348663132e+01
3.792593099999999939e+00,1.059946199999999950e+00,5.200000014347566690e+01
3.799465099999999929e+00,1.065324900000000019e+00,5.189999984038858116e+01
3.806327700000000203e+00,1.070715499999999931e+00,5.180000016142490438e+01
3.813180899999999873e+00,1.076118099999999966e+00,5.170000009572031985e+01
3.820024599999999992e+00,1.081532699999999902e+00,5.160000023596022345e+01
3.826858899999999952e+00,1.086959199999999903e+00,5.150000008961147557e+01
3.833683699999999916e+00,1.092397599999999969e+00,5.140000025158450114e+01
3.840498999999999885e+00,1.097847999999999935e+00,5.129999970102129936e+01
3.847304799999999858e+00,1.103310199999999908e+00,5.119999956492998194e+01
3.854100999999999999e+00,1.108784299999999945e+00,5.109999971582089273e+01
3.860887700000000144e+00,1.114270199999999988e+00,5.099999967616040664e+01
3.867664800000000014e+00,1.119768000000000097e+00,5.089999931283284695e+01
3.874432200000000215e+00,1.125277599999999989e+00,5.079999992998123304e+01
3.881190099999999976e+00,1.130799000000000110e+00,5.069999944682591320e+01
3.887938300000000069e+00,1.136332099999999956e+00,5.060000006201717326e+01
3.894676800000000050e+00,1.141877100000000089e+00,5.050000001513274128e+01
3.901405700000000198e+00,1.147433799999999948e+00,5.039999957219197313e+01
3.908124799999999954e+00,1.153002199999999977e+00,5.030000019770885444e+01
3.914834200000000042e+00,1.158582400000000012e+00,5.019999997130319969e+01
3.921533900000000017e+00,1.164174199999999937e+00,5.010000005581326121e+01
3.928223800000000043e+00,1.169777800000000090e+00,4.999999955786501005e+01
3.934903900000000121e+00,1.175392999999999910e+00,4.989999964259875753e+01
3.941574199999999806e+00,1.181019899999999900e+00,4.979999926848074665e+01
3.948234600000000150e+00,1.186658400000000002e+00,4.969999974415275545e+01
3.954885200000000101e+00,1.192308499999999993e+00,4.959999989117981301e+01
3.961526000000000103e+00,1.197970200000000096e+00,4.949999940766828388e+01
3.968156800000000040e+00,1.203643500000000088e+00,4.939999973185771864e+01
3.974777700000000191e+00,1.209328299999999912e+00,4.930000043255763131e+01
3.981388700000000114e+00,1.215024700000000069e+00,4.920000045977370462e+01
3.987989799999999807e+00,1.220732699999999893e+00,4.909999950773659805e+01
3.994580899999999879e+00,1.226452099999999934e+00,4.899999963910487821e+01
4.001161899999999605e+00,1.232183000000000028e+00,4.890000066348337526e+01
4.007732999999999990e+00,1.237925500000000012e+00,4.879999979256256637e+01
4.014294099999999865e+00,1.243679299999999932e+00,4.869999985043773449e+01
4.020844999999999558e+00,1.249444699999999964e+00,4.859999998669406551e+01
4.027385999999999910e+00,1.255221399999999932e+00,4.849999958696469093e+01
4.033916800000000080e+00,1.261009499999999894e+00,4.840000016903400848e+01
4.040437500000000348e+00,1.266809099999999910e+00,4.829999980643663093e+01
4.046948099999999826e+00,1.272620000000000084e+00,4.819999971767590807e+01
4.053448500000000010e+00,1.278442300000000031e+00,4.809999969027531819e+01
4.059938700000000011e+00,1.284275899999999915e+00,4.800000018241437516e+01
4.066418800000000111e+00,1.290120799999999956e+00,4.790000003972350129e+01
4.072888700000000028e+00,1.295976999999999935e+00,4.779999981099687290e+01
4.079348300000000371e+00,1.301844500000000071e+00,4.770000003966682556e+01
4.085797699999999644e+00,1.307723299999999922e+00,4.759999957136865589e+01
4.092236800000000230e+00,1.313613300000000095e+00,4.749999972101897328e+01
4.098665600000000353e+00,1.319514599999999982e+00,4.739999940924580102e+01
4.105084100000000014e+00,1.325426999999999911e+00,4.729999988212853168e+01
4.111492199999999819e+00,1.331350699999999998e+00,4.720000012397276379e+01
4.117890100000000331e+00,1.337285499999999905e+00,4.709999970380201262e+01
4.124277499999999819e+00,1.343231499999999912e+00,4.700000005907303091e+01
4.130654599999999732e+00,1.349188599999999960e+00,4.689999998745722110e+01
4.137021200000000398e+00,1.355156900000000109e+00,4.680000007587621269e+01
4.143377499999999714e+00,1.361136200000000018e+00,4.669999991628031921e+01
4.149723299999999782e+00,1.367126599999999970e+00,4.660000009158066092e+01
4.156058599999999714e+00,1.373128099999999963e+00,4.650000029424766979e+01
4.162383400000000400e+00,1.379140699999999997e+00,4.640000021675129460e+01
4.168697800000000342e+00,1.385164300000000015e+00,4.629999951480016307e+01
4.175001599999999868e+00,1.391198900000000016e+00,4.619999954351589366e+01
4.181294900000000148e+00,1.397244399999999942e+00,4.609999996446031645e+01
4.187577600000000011e+00,1.403300999999999910e+00,4.599999971104516305e+01
4.193849700000000347e+00,1.409368500000000024e+00,4.590000006653565379e+01
4.200111200000000267e+00,1.415446999999999900e+00,4.579999992901820605e+01
4.206362099999999771e+00,1.421536300000000086e+00,4.570000059181813157e+01
4.212602399999999747e+00,1.427636600000000033e+00,4.560000015269611850e+01
4.218831999999999915e+00,1.433747799999999906e+00,4.549999992485534506e+01
4.225050999999999668e+00,1.439869800000000089e+00,4.539999958977006145e+01
4.231259200000000220e+00,1.446002599999999916e+00,4.530000047774738903e+01
4.237456800000000356e+00,1.452146299999999890e+00,4.519999984795368420e+01
4.243643600000000404e+00,1.458300799999999953e+00,4.509999982968009391e+01
4.249819600000000364e+00,1.464466100000000104e+00,4.500000011575495051e+01
4.255984899999999627e+00,1.470642100000000063e+00,4.490000040182945895e+01
4.262139399999999689e+00,1.476828999999999947e+00,4.479999957044663716e+01
4.268283099999999664e+00,1.483026500000000025e+00,4.469999975375934298e+01
4.274415900000000157e+00,1.489234699999999911e+00,4.460000064173420498e+01
4.280537999999999954e+00,1.495453700000000108e+00,4.449999950346289523e+01
4.286649099999999990e+00,1.501683300000000054e+00,4.440000007880109223e+01
4.292749399999999937e+00,1.507923600000000031e+00,4.429999963967450327e+01
4.298838800000000404e+00,1.514174499999999979e+00,4.419999950357676965e+01
4.304917200000000221e+00,1.520435999999999899e+00,4.410000016494569053e+01
4.310984699999999670e+00,1.526708100000000012e+00,4.400000052042948795e+01
4.317041299999999637e+00,1.532990899999999934e+00,4.389999944131617582e+01
4.323086899999999844e+00,1.539284099999999933e+00,4.379999989480559464e+01
4.329121400000000008e+00,1.545587899999999903e+00,4.370000071665015184e+01
4.335144999999999804e+00,1.551902300000000068e+00,4.360000001468951325e+01
4.341157599999999839e+00,1.558227100000000087e+00,4.349999993718291336e+01
4.347159099999999832e+00,1.564562400000000020e+00,4.340000013983899407e+01
4.353149499999999783e+00,1.570908200000000088e+00,4.330000031512769709e+01
4.359128899999999973e+00,1.577264500000000069e+00,4.319999937108626398e+01
4.365097099999999841e+00,1.583631100000000069e+00,4.310000024392541462e+01
4.371054199999999668e+00,1.590008199999999983e+00,4.300000017229585580e+01
4.377000200000000341e+00,1.596395699999999973e+00,4.289999968812007580e+01
4.382934999999999803e+00,1.602793499999999982e+00,4.280000010736651461e+01
4.388858700000000113e+00,1.609201700000000068e+00,4.269999950704477953e+01
4.394771099999999819e+00,1.615620199999999951e+00,4.259999997855591403e+01
4.400672400000000373e+00,1.622049000000000074e+00,4.249999966541298591e+01
4.406562400000000324e+00,1.628488099999999994e+00,4.239999981369544457e+01
4.412441199999999952e+00,1.634937400000000096e+00,4.230000019158607927e+01
4.418308699999999867e+00,1.641397100000000053e+00,4.219999957133711632e+01
4.424164900000000067e+00,1.647866899999999912e+00,4.210000019148992578e+01
4.430009799999999665e+00,1.654347000000000012e+00,4.200000004877826143e+01
4.435843400000000436e+00,1.660837200000000013e+00,4.190000054089581027e+01
4.441665699999999717e+00,1.667337599999999975e+00,4.180000051347303014e+01
4.447476599999999891e+00,1.673848199999999897e+00,4.170000042468939228e+01
4.453276200000000351e+00,1.680368899999999943e+00,4.160000006206839629e+01
4.459064299999999648e+00,1.686899799999999949e+00,4.149999978587336358e+01
4.464841100000000118e+00,1.693440700000000021e+00,4.139999948655143669e+01
4.470606400000000313e+00,1.699991699999999994e+00,4.129999951970432903e+01
4.476360299999999626e+00,1.706552700000000033e+00,4.119999968363583065e+01
4.482102700000000439e+00,1.713123799999999974e+00,4.109999956749042127e+01
4.487833600000000089e+00,1.719704899999999981e+00,4.099999972700760509e+01
4.493553099999999745e+00,1.726295899999999994e+00,4.089999997290311029e+01
4.499260999999999733e+00,1.732896999999999910e+00,4.079999977111447862e+01
4.504957400000000334e+00,1.739508000000000054e+00,4.069999979830060965e+01
4.510642299999999771e+00,1.746128899999999984e+00,4.059999975323755450e+01
4.511847600000000291e+00,1.747535800000000084e+00,4.057877055514015296e+01
4.576896900000000379e+00,1.823487000000000080e+00,4.057877077138398647e+01
4.641946199999999578e+00,1.899438200000000077e+00,4.057877077138398647e+01
4.706995499999999666e+00,1.975389499999999909e+00,4.057877077138398647e+01
4.772044799999999753e+00,2.051340699999999906e+00,4.057877077138398647e+01
4.837093999999999561e+00,2.127292000000000183e+00,4.057877077138398647e+01
4.902143299999999648e+00,2.203243200000000179e+00,4.057877077138398647e+01
4.967192599999999736e+00,2.279194400000000176e+00,4.057877077138398647e+01
5.032241899999999823e+00,2.355145700000000009e+00,4.057877077138398647e+01
5.097291199999999911e+00,2.431096900000000005e+00,4.057877077138398647e+01
5.162340499999999999e+00,2.507048100000000002e+00,4.057877077138398647e+01
5.227389699999999806e+00,2.582999399999999834e+00,4.057877077138398647e+01
5.292438999999999893e+00,2.658950599999999831e+00,4.057877077138398647e+01
5.357488299999999981e+00,2.734901900000000108e+00,4.057877077138398647e+01
5.422537600000000069e+00,2.810853100000000104e+00,4.057877077138398647e+01
5.487586900000000156e+00,2.886804300000000101e+00,4.057877077138398647e+01
5.552636200000000244e+00,2.962755599999999934e+00,4.057877077138398647e+01
5.617685500000000332e+00,3.038706799999999930e+00,4.057877077138398647e+01
5.682734700000000139e+00,3.114657999999999927e+00,4.057877077138398647e+01
5.747784000000000226e+00,3.190609300000000204e+00,4.057877077138398647e+01
5.812833300000000314e+00,3.266560500000000200e+00,4.057877077138398647e+01
5.877882600000000402e+00,3.342511800000000033e+00,4.057877077138398647e+01
5.942931899999999601e+00,3.418463000000000029e+00,4.057877077138398647e+01
6.007981199999999689e+00,3.494414200000000026e+00,4.057877077138398647e+01
6.073030400000000384e+00,3.570365499999999859e+00,4.057877077138398647e+01
6.138079699999999583e+00,3.646316699999999855e+00,4.057877077138398647e+01
6.203128999999999671e+00,3.722268000000000132e+00,4.057877077138398647e+01
6.268178299999999759e+00,3.798219200000000129e+00,4.057877077138398647e+01
6.333227599999999846e+00,3.874170400000000125e+00,4.057877077138398647e+01
6.398276899999999934e+00,3.950121699999999958e+00,4.057877077138398647e+01
6.463326200000000021e+00,4.026072899999999954e+00,4.057877077138398647e+01
6.528375399999999829e+00,4.102024100000000395e+00,4.057877077138398647e+01
6.593424699999999916e+00,4.177975400000000228e+00,4.057877077138398647e+01
6.658474000000000004e+00,4.253926599999999780e+00,4.057877077138398647e+01
6.723523300000000091e+00,4.329877899999999613e+00,4.057877077138398647e+01
6.788572600000000179e+00,4.405829100000000054e+00,4.057877077138398647e+01
6.853621900000000267e+00,4.481780299999999606e+00,4.057877077138398647e+01
6.918671100000000074e+00,4.557731600000000327e+00,4.057877077138398647e+01
6.983720400000000161e+00,4.633682799999999880e+00,4.057877077138398647e+01
7.048769700000000249e+00,4.709634000000000320e+00,4.057877077138398647e+01
7.113819000000000337e+00,4.785585300000000153e+00,4.057877077138398647e+01
7.178868300000000424e+00,4.861536499999999705e+00,4.057877077138398647e+01
7.243917599999999624e+00,4.937487800000000426e+00,4.057877077138398647e+01
7.308966899999999711e+00,5.013438999999999979e+00,4.057877077138398647e+01
7.374016100000000407e+00,5.089390200000000419e+00,4.057877077138398647e+01
7.439065399999999606e+00,5.165341500000000252e+00,4.057877077138398647e+01
7.504114699999999694e+00,5.241292699999999805e+00,4.057877077138398647e+01
7.569163999999999781e+00,5.317243900000000245e+00,4.057877077138398647e+01
7.634213299999999869e+00,5.393195200000000078e+00,4.057877077138398647e+01
7.699262599999999956e+00,5.469146399999999630e+00,4.057877077138398647e+01
7.764311900000000044e+00,5.545097700000000351e+00,4.057877077138398647e+01
7.829361099999999851e+00,5.621048899999999904e+00,4.057877077138398647e+01
7.894410399999999939e+00,5.697000100000000344e+00,4.057877077138398647e+01
7.959459700000000026e+00,5.772951400000000177e+00,4.057877077138398647e+01
8.024509000000000114e+00,5.848902599999999730e+00,4.057877077138398647e+01
8.089558300000000202e+00,5.924853899999999562e+00,4.057877077138398647e+01
8.154607600000000289e+00,6.000805100000000003e+00,4.057877077138398647e+01
8.219656799999999208e+00,6.076756300000000444e+00,4.057877077138398647e+01
8.284706099999999296e+00,6.152707600000000276e+00,4.057877077138398647e+01
8.349755399999999383e+00,6.228658799999999829e+00,4.057877077138398647e+01
8.414804699999999471e+00,6.304610000000000269e+00,4.057877077138398647e+01
8.479853999999999559e+00,6.380561300000000102e+00,4.057877077138398647e+01
8.544903299999999646e+00,6.456512499999999655e+00,4.057877077138398647e+01
8.609952599999999734e+00,6.532463800000000376e+00,4.057877077138398647e+01
8.675001800000000429e+00,6.608414999999999928e+00,4.057877077138398647e+01
8.740051100000000517e+00,6.684366200000000369e+00,4.057877077138398647e+01
8.797563500000000758e+00,6.751517400000000002e+00,4.057877077138398647e+01
8.803234299999999735e+00,6.758150299999999611e+00,4.047877128856085704e+01
8.808893599999999324e+00,6.764793199999999729e+00,4.037877032935702459e+01
8.814541200000000742e+00,6.771445899999999796e+00,4.027877067884809037e+01
8.820177199999999829e+00,6.778108399999999811e+00,4.017877129124801883e+01
8.825801600000000136e+00,6.784780800000000056e+00,4.007877098784680925e+01
8.831414399999999887e+00,6.791463000000000250e+00,3.997877034098015514e+01
8.837015400000000298e+00,6.798154900000000112e+00,3.987877139758342082e+01
8.842604800000000154e+00,6.804856700000000203e+00,3.977877062271928565e+01
8.848182500000000061e+00,6.811568199999999962e+00,3.967877020619789619e+01
8.853748400000000629e+00,6.818289400000000278e+00,3.957877057548441257e+01
8.859302599999999472e+00,6.825020300000000262e+00,3.947877069474404266e+01
8.864845100000000144e+00,6.831760899999999914e+00,3.937877026133192970e+01
8.870375799999999700e+00,6.838511099999999843e+00,3.927877058511020891e+01
8.875894699999999915e+00,6.845271000000000328e+00,3.917877047431727533e+01
8.881401699999999622e+00,6.852040500000000200e+00,3.907877123360923832e+01
8.886896999999999380e+00,6.858819600000000349e+00,3.897877111321390231e+01
8.892380400000000407e+00,6.865608299999999886e+00,3.887877125284428814e+01
8.897852000000000317e+00,6.872406599999999699e+00,3.877877062665826458e+01
8.903311699999999718e+00,6.879214400000000396e+00,3.867877054191603747e+01
8.908759500000000386e+00,6.886031700000000200e+00,3.857877069423908267e+01
8.914195400000000546e+00,6.892858499999999999e+00,3.847877077924454170e+01
8.919619300000000806e+00,6.899694799999999795e+00,3.837877120400095521e+01
8.925031399999999948e+00,6.906540599999999586e+00,3.827877023966429704e+01
8.930431399999999798e+00,6.913395699999999700e+00,3.817877151308559291e+01
8.935819499999999138e+00,6.920260299999999809e+00,3.807877150037020186e+01
8.941195699999999746e+00,6.927134299999999634e+00,3.797877080042287190e+01
8.946559799999999285e+00,6.934017700000000062e+00,3.787877051977814347e+01
8.951911799999999531e+00,6.940910399999999925e+00,3.777877125405382230e+01
8.957251899999999267e+00,6.947812500000000391e+00,3.767877038904635612e+01
8.962579899999999711e+00,6.954723800000000011e+00,3.757877083814845065e+01
8.967895800000000861e+00,6.961644500000000235e+00,3.747877047984318466e+01
8.973199599999999165e+00,6.968574399999999613e+00,3.737877082523051797e+01
8.978491399999999345e+00,6.975513499999999922e+00,3.727877087745375917e+01
8.983771000000000839e+00,6.982461899999999666e+00,3.717877081044998988e+01
8.989038499999999487e+00,6.989419500000000340e+00,3.707877053636140374e+01
8.994293799999999450e+00,6.996386300000000169e+00,3.697877044169818106e+01
8.999536900000000728e+00,7.003362199999999760e+00,3.687877113551947161e+01
9.004767899999999159e+00,7.010347300000000281e+00,3.677877070994201603e+01
9.009986700000000681e+00,7.017341499999999677e+00,3.667877046571804556e+01
9.015193299999999965e+00,7.024344799999999722e+00,3.657877009888206743e+01
9.020387599999999395e+00,7.031357100000000138e+00,3.647877090815079271e+01
9.025569700000000140e+00,7.038378599999999707e+00,3.637877006345350850e+01
9.030739499999999254e+00,7.045409000000000255e+00,3.627877070666514925e+01
9.035897000000000290e+00,7.052448499999999676e+00,3.617877068619032599e+01
9.041042300000000864e+00,7.059496900000000075e+00,3.607877087070541933e+01
9.046175200000000416e+00,7.066554400000000236e+00,3.597877045515284777e+01
9.051295800000000114e+00,7.073620700000000205e+00,3.587877123980583605e+01
9.056404099999999957e+00,7.080695999999999657e+00,3.577877106716196209e+01
9.061500000000000554e+00,7.087780200000000086e+00,3.567877123118395843e+01
9.066583599999999521e+00,7.094873299999999716e+00,3.557877075858647942e+01
9.071654699999999849e+00,7.101975300000000324e+00,3.547877067786673422e+01
9.076713500000000323e+00,7.109086099999999853e+00,3.537877028497057097e+01
9.081759800000000382e+00,7.116205700000000078e+00,3.527877060536987841e+01
9.086793699999999419e+00,7.123334100000000113e+00,3.517877067089070664e+01
9.091815099999999816e+00,7.130471299999999957e+00,3.507877083701467313e+01
9.096824099999999191e+00,7.137617200000000217e+00,3.497877107776061223e+01
9.101820599999999928e+00,7.144771900000000286e+00,3.487877080872031144e+01
9.106804699999999642e+00,7.151935299999999884e+00,3.477877000949192876e+01
9.111776199999999548e+00,7.159107299999999618e+00,3.467877062681242251e+01
9.116735099999999647e+00,7.166287999999999769e+00,3.457877141113979746e+01
9.121681600000000500e+00,7.173477400000000337e+00,3.447877075558916005e+01
9.126615499999999770e+00,7.180675400000000153e+00,3.437877060044217359e+01
9.131536799999999232e+00,7.187882000000000104e+00,3.427877063962768034e+01
9.136445500000000663e+00,7.195097200000000193e+00,3.417877056707097694e+01
9.141341600000000511e+00,7.202320900000000137e+00,3.407877102582465056e+01
9.146225100000000552e+00,7.209553200000000217e+00,3.397877076293686827e+01
9.151096000000000785e+00,7.216794000000000153e+00,3.387877042370784864e+01
9.155954200000000043e+00,7.224043199999999665e+00,3.377877129502525833e+01
9.160799799999999493e+00,7.231301000000000201e+00,3.367877052991499909e+01
9.165632699999999744e+00,7.238567100000000032e+00,3.357877132022097300e+01
9.170452900000000795e+00,7.245841799999999999e+00,3.347877049750880474e+01
9.175260400000000871e+00,7.253124800000000150e+00,3.337877062149274110e+01
9.180055199999999971e+00,7.260416099999999595e+00,3.327877139111558336e+01
9.184837299999999871e+00,7.267715899999999785e+00,3.317877058712089422e+01
9.189606599999999403e+00,7.275024000000000157e+00,3.307877044767964492e+01
9.194363100000000344e+00,7.282340399999999825e+00,3.297877066670300650e+01
9.199106900000000309e+00,7.289665000000000283e+00,3.287877127838411440e+01
9.203837899999999905e+00,7.296998000000000317e+00,3.277877067841947678e+01
9.208556099999999134e+00,7.304339200000000254e+00,3.267877048652947281e+01
9.213261400000000378e+00,7.311688600000000093e+00,3.257877101690140620e+01
9.217953899999999479e+00,7.319046199999999835e+00,3.247877134629202089e+01
9.222633599999999987e+00,7.326412000000000369e+00,3.237877117185661291e+01
9.227300400000000735e+00,7.333785999999999916e+00,3.227877080272350696e+01
9.231954299999999947e+00,7.341168099999999974e+00,3.217877090088859404e+01
9.236595400000000566e+00,7.348558299999999655e+00,3.207877055307750425e+01
9.241223500000000257e+00,7.355956599999999845e+00,3.197877067344308344e+01
9.245838700000000188e+00,7.363362900000000266e+00,3.187877132009105097e+01
9.250441000000000358e+00,7.370777300000000309e+00,3.177877121736834454e+01
9.255030299999999599e+00,7.378199799999999975e+00,3.167877066237627304e+01
9.259606700000000856e+00,7.385630199999999590e+00,3.157877069771891954e+01
9.264170099999999408e+00,7.393068600000000323e+00,3.147877064612822551e+01
9.268720500000000584e+00,7.400514900000000118e+00,3.137877117929899384e+01
9.273257900000000831e+00,7.407969200000000143e+00,3.127877101437641372e+01
9.277782300000000149e+00,7.415431400000000117e+00,3.117877082514311837e+01
9.282293599999999145e+00,7.422901500000000041e+00,3.107877089964674511e+01
9.286792000000000158e+00,7.430379399999999634e+00,3.097877073206710463e+01
9.291277199999999681e+00,7.437865200000000065e+00,3.087877080799845686e+01
9.295749400000000051e+00,7.445358800000000166e+00,3.077877062539625541e+01
9.300208500000000100e+00,7.452860199999999935e+00,3.067877046854558643e+01
9.304654499999999828e+00,7.460369299999999981e+00,3.057877101845863521e+01
9.309087399999999235e+00,7.467886199999999697e+00,3.047877098507708737e+01
9.313507100000000705e+00,7.475410899999999970e+00,3.037877064237184754e+01
9.317913700000000077e+00,7.482943200000000239e+00,3.027877108105123227e+01
9.322307199999999128e+00,7.490483199999999897e+00,3.017877101105521476e+01
9.326687500000000242e+00,7.498030899999999832e+00,3.007877070422437527e+01
9.331054599999999866e+00,7.505586199999999764e+00,2.997877084550216864e+01
9.335408499999999776e+00,7.513149099999999692e+00,2.987877113023125730e+01
9.339749199999999973e+00,7.520719599999999616e+00,2.977877125375168532e+01
9.344076700000000457e+00,7.528297700000000425e+00,2.967877091140643131e+01
9.348390999999999451e+00,7.535883300000000062e+00,2.957877079512445917e+01
9.352691999999999339e+00,7.543476400000000304e+00,2.947877116713473100e+01
9.356979799999999514e+00,7.551077000000000261e+00,2.937877115837127207e+01
9.361254300000000583e+00,7.558685099999999935e+00,2.927877102758070649e+01
9.365515500000000770e+00,7.566300700000000212e+00,2.917877046786544071e+01
9.369763400000000075e+00,7.573923599999999645e+00,2.907877117528697752e+01
9.373998000000000275e+00,7.581553999999999682e+00,2.897877084389968516e+01
9.378219200000000200e+00,7.589191800000000043e+00,2.887877072367055220e+01
9.382427200000000411e+00,7.596836899999999559e+00,2.877877040640938233e+01
9.386621800000000349e+00,7.604489300000000007e+00,2.867877069615670393e+01
9.390803000000000011e+00,7.612149099999999891e+00,2.857877028028540778e+01
9.394970799999999400e+00,7.619816100000000425e+00,2.847877086410036540e+01
9.399125299999999683e+00,7.627490400000000115e+00,2.837877059127567136e+01
9.403266300000000300e+00,7.635171899999999567e+00,2.827877125569984074e+01
9.407394000000000034e+00,7.642860699999999952e+00,2.817877045625333565e+01
9.411508200000000102e+00,7.650556599999999818e+00,2.807877099273338573e+01
9.415608999999999895e+00,7.658259700000000336e+00,2.797877100961714092e+01
9.419696300000000022e+00,7.665969999999999729e+00,2.787877073926922478e+01
9.423770199999999875e+00,7.673687400000000380e+00,2.777877035271936279e+01
9.427830600000000061e+00,7.681411800000000234e+00,2.767877109639933408e+01
9.431877500000000580e+00,7.689143399999999851e+00,2.757877063571544340e+01
9.435910899999999657e+00,7.696881999999999557e+00,2.747877069520590609e+01
9.439930800000000843e+00,7.704627600000000243e+00,2.737877097169323548e+01
9.443937099999999418e+00,7.712380300000000410e+00,2.727877066871738876e+01
9.447929999999999495e+00,7.720139900000000388e+00,2.717877046696237286e+01
9.451909199999999345e+00,7.727906499999999568e+00,2.707877061594782830e+01
9.455875000000000696e+00,7.735680000000000334e+00,2.697877026346603557e+01
9.459827100000000044e+00,7.743460400000000021e+00,2.687877066865242526e+01
9.463765699999999725e+00,7.751247700000000407e+00,2.677877048779746261e+01
9.467690599999999179e+00,7.759041899999999714e+00,2.667877044948295406e+01
9.471602000000000743e+00,7.766842900000000327e+00,2.657877024196159965e+01
9.475499700000000303e+00,7.774650699999999581e+00,2.647877058936919070e+01
9.479383800000000804e+00,7.782465300000000141e+00,2.637877067412007648e+01
9.483254300000000470e+00,7.790286700000000231e+00,2.627877019313577733e+01
9.487111099999999908e+00,7.798114799999999569e+00,2.617877037726530176e+01
9.490954199999999119e+00,7.805949599999999933e+00,2.607877092071187874e+01
9.494783599999999879e+00,7.813791199999999826e+00,2.597877048754401841e+01
9.498599399999999804e+00,7.821639399999999576e+00,2.587877033118323666e+01
9.502401400000000109e+00,7.829494200000000070e+00,2.577877115056552526e+01
9.506189799999999579e+00,7.837355699999999814e+00,2.567877061125498628e+01
9.509964399999999429e+00,7.845223800000000303e+00,2.557877043598710998e+01
9.513725300000000829e+00,7.853098400000000368e+00,2.547877085769922800e+01
9.517472400000000832e+00,7.860979600000000289e+00,2.537877103161137171e+01
9.521205699999999439e+00,7.868867400000000067e+00,2.527877064913627336e+01
9.524925299999999595e+00,7.876761600000000030e+00,2.517877098824614990e+01
9.528631100000000131e+00,7.884662299999999568e+00,2.507877119873437977e+01
9.532323200000000440e+00,7.892569499999999572e+00,2.497877049068483757e+01
9.536001399999999961e+00,7.900483099999999759e+00,2.487877056727764113e+01
9.539665700000000470e+00,7.908403100000000130e+00,2.477877111959659118e+01
9.543316300000000751e+00,7.916329499999999797e+00,2.467877088180754797e+01
9.546953000000000245e+00,7.924262299999999648e+00,2.457877050916397010e+01
9.550575900000000118e+00,7.932201400000000291e+00,2.447877026084680452e+01
9.554184899999999203e+00,7.940146799999999949e+00,2.437877030888769525e+01
9.557779999999999276e+00,7.948098400000000119e+00,2.427877139142410101e+01
9.561361299999999730e+00,7.956056399999999584e+00,2.417877064436692081e+01
9.564928600000000003e+00,7.964020599999999561e+00,2.407877079176486035e+01
9.568482100000000656e+00,7.971991000000000049e+00,2.397877059277828238e+01
9.572021599999999353e+00,7.979967600000000161e+00,2.387877067666104836e+01
9.575547200000000814e+00,7.987950299999999615e+00,2.377877132055951037e+01
9.579058899999999710e+00,7.995939199999999580e+00,2.367877117348759342e+01
9.582556600000000202e+00,8.003934299999999169e+00,2.357877038986937279e+01
9.586040399999999906e+00,8.011935400000000485e+00,2.347877030581267022e+01
9.589510199999999429e+00,8.019942500000000862e+00,2.337877107688549927e+01
9.592966000000000548e+00,8.027955800000000863e+00,2.327877029317104984e+01
9.596407799999999710e+00,8.035975000000000534e+00,2.317877080552553082e+01
9.599835600000000468e+00,8.044000199999999268e+00,2.307877125744915148e+01
9.603249399999999270e+00,8.052031500000000008e+00,2.297877028929440968e+01
9.606649199999999666e+00,8.060068599999999250e+00,2.287877076136726018e+01
9.610034900000000491e+00,8.068111699999999331e+00,2.277877070427625128e+01
9.613406599999999358e+00,8.076160599999999690e+00,2.267877148065869619e+01
9.616764299999999821e+00,8.084215500000000887e+00,2.257877067434911211e+01
9.620107900000000711e+00,8.092276200000000586e+00,2.247877053657409974e+01
9.623437400000000252e+00,8.100342700000000562e+00,2.237877076179563929e+01
9.626752800000000221e+00,8.108415000000000816e+00,2.227877104446910295e+01
9.630054200000000009e+00,8.116493099999999572e+00,2.217877064646829766e+01
9.633341400000000831e+00,8.124576899999999213e+00,2.207877119114899145e+01
9.636614500000000305e+00,8.132666499999999132e+00,2.197877087816525332e+01
9.639873500000000206e+00,8.140761799999999937e+00,2.187877046537226988e+01
9.643118400000000534e+00,8.148862700000000459e+00,2.177877071362116368e+01
9.646349100000000121e+00,8.156969300000000089e+00,2.167877068030734122e+01
9.649565700000000135e+00,8.165081499999999437e+00,2.157877070074765058e+01
9.652768099999999407e+00,8.173199300000000278e+00,2.147877089348057211e+01
9.655956299999999715e+00,8.181322700000000836e+00,2.137877095187953458e+01
9.659130400000000449e+00,8.189451699999999335e+00,2.127877015346079403e+01
9.662290199999999274e+00,8.197586100000000542e+00,2.117877116222744505e+01
9.665435900000000302e+00,8.205726099999999690e+00,2.107877070757262672e+01
9.668567299999999420e+00,8.213871599999999162e+00,2.097877037897638175e+01
9.671684499999999574e+00,8.222022499999999567e+00,2.087877052867940719e+01
9.674787500000000762e+00,8.230178799999999129e+00,2.077877085439120108e+01
9.677876299999999432e+00,8.238340499999999622e+00,2.067877105381799652e+01
9.680950799999999745e+00,8.246507700000000440e+00,2.057877015465722081e+01
9.684010999999999925e+00,8.254680099999999854e+00,2.047877106738994257e+01
9.687056999999999363e+00,8.262857900000000200e+00,2.037877094089393637e+01
9.690088700000000443e+00,8.271041000000000309e+00,2.027877094495045895e+01
9.693106099999999614e+00,8.279229400000000183e+00,2.017877077376048334e+01
9.696109200000000428e+00,8.287423000000000428e+00,2.007877119779674402e+01
9.699097999999999331e+00,8.295621900000000437e+00,1.997877083637360585e+01
9.702072499999999877e+00,8.303826000000000818e+00,1.987877046134378389e+01
9.705032700000000290e+00,8.312035200000000401e+00,1.977877084729364299e+01
9.707978499999999400e+00,8.320249600000000356e+00,1.967877099942119301e+01
9.710910000000000153e+00,8.328469200000000683e+00,1.957877022435587477e+01
9.713827099999999604e+00,8.336693800000000820e+00,1.947877076116376927e+01
9.716729900000000697e+00,8.344923500000000161e+00,1.937877084327139343e+01
9.719618300000000488e+00,8.353158300000000480e+00,1.927877054732619300e+01
9.722492400000000146e+00,8.361398100000000611e+00,1.917877027184611549e+01
9.725352000000000885e+00,8.369642900000000552e+00,1.907877046625939244e+01
9.728197299999999714e+00,8.377892599999999135e+00,1.897877115780785218e+01
9.731028099999999625e+00,8.386147400000000474e+00,1.887877062176709941e+01
9.733844599999999403e+00,8.394406999999999286e+00,1.877877106213684755e+01
9.736646600000000262e+00,8.402671599999999685e+00,1.867877074598119691e+01
9.739434199999999819e+00,8.410940999999999335e+00,1.857877116957702412e+01
9.742207399999999851e+00,8.419215299999999402e+00,1.847877094459159153e+01
9.744966099999999187e+00,8.427494400000000496e+00,1.837877121639096245e+01
9.747710400000000774e+00,8.435778400000000232e+00,1.827877023027940950e+01
9.750440100000000498e+00,8.444067099999999826e+00,1.817877057533295471e+01
9.753155500000000089e+00,8.452360499999999277e+00,1.807877087371680602e+01
9.755856299999999592e+00,8.460658699999999754e+00,1.797877080265881133e+01
9.758542699999999570e+00,8.468961600000000089e+00,1.787877043624707696e+01
9.761214600000000630e+00,8.477269099999999113e+00,1.777877091595332715e+01
9.763871899999999826e+00,8.485581299999999771e+00,1.767877119447886614e+01
9.766514799999999497e+00,8.493898200000000287e+00,1.757877026861548586e+01
9.769143100000000857e+00,8.502219600000000099e+00,1.747877071314879416e+01
9.771756899999999746e+00,8.510545600000000377e+00,1.737877078479054305e+01
9.774356199999999717e+00,8.518876199999999344e+00,1.727877018004965493e+01
9.776940899999999601e+00,8.527211199999999991e+00,1.717877112348593371e+01
9.779511100000000567e+00,8.535550799999999327e+00,1.707877078213366318e+01
9.782066699999999670e+00,8.543894899999999737e+00,1.697877028312825942e+01
9.784607700000000463e+00,8.552243400000000051e+00,1.687877041559638869e+01
9.787134200000000561e+00,8.560596300000000269e+00,1.677877054305979598e+01
9.789646100000000573e+00,8.568953600000000392e+00,1.667877069446403127e+01
9.792143400000000497e+00,8.577315300000000420e+00,1.657877056412700156e+01
9.794626100000000335e+00,8.585681299999999183e+00,1.647877094521875563e+01
9.797094200000000086e+00,8.594051699999999627e+00,1.637877043435734592e+01
9.799547699999999750e+00,8.602426299999999415e+00,1.627877092583272045e+01
9.801986499999999936e+00,8.610805199999999715e+00,1.617877133611908391e+01
9.804410799999999426e+00,8.619188400000000527e+00,1.607877072074618496e+01
9.806820399999999438e+00,8.627575800000000683e+00,1.597877051406650928e+01
9.809215299999999971e+00,8.635967400000000183e+00,1.587877040802449002e+01
9.811595600000000417e+00,8.644363099999999633e+00,1.577877088569723441e+01
9.813961300000000776e+00,8.652763000000000204e+00,1.567877054315457919e+01
9.816312299999999880e+00,8.661167000000000726e+00,1.557877048969069556e+01
9.818648599999999504e+00,8.669575099999999424e+00,1.547877041887807792e+01
9.820970199999999650e+00,8.677987200000000456e+00,1.537877112917413314e+01
9.823277199999999709e+00,8.686403399999999664e+00,1.527877090836370755e+01
9.825569500000000289e+00,8.694823599999999431e+00,1.517877086179179891e+01
9.827847000000000222e+00,8.703247799999999756e+00,1.507877098273047345e+01
9.830109900000000067e+00,8.711676000000000641e+00,1.497877036820390728e+01
9.832357999999999265e+00,8.720108099999999141e+00,1.487877041516193977e+01
9.834591400000000760e+00,8.728544100000000583e+00,1.477877052222093113e+01
9.836810099999999224e+00,8.736983999999999639e+00,1.467877038610249585e+01
9.839014099999999985e+00,8.745427700000000470e+00,1.457877081255254659e+01
9.841203300000000098e+00,8.753875300000000692e+00,1.447877067679383956e+01
9.843377800000000732e+00,8.762326699999999136e+00,1.437877049521074646e+01
9.845537500000000719e+00,8.770781899999999354e+00,1.427877024867659550e+01
9.847682499999999450e+00,8.779240800000000178e+00,1.417877045994333862e+01
9.849812599999999918e+00,8.787703399999999831e+00,1.407877138623697277e+01
9.851928100000000299e+00,8.796169799999999483e+00,1.397877077322782036e+01
9.854028700000000640e+00,8.804639899999999741e+00,1.387877026208282594e+01
9.856114599999999726e+00,8.813113599999999437e+00,1.377877010797608470e+01
9.858185600000000548e+00,8.821590900000000346e+00,1.367877055404913911e+01
9.860241900000000115e+00,8.830071800000000692e+00,1.357877075173186121e+01
9.862283299999999642e+00,8.838556300000000476e+00,1.347877093638800794e+01
9.864309999999999690e+00,8.847044399999999698e+00,1.337877026722686757e+01
9.866321799999999698e+00,8.855535899999999572e+00,1.327877120240693820e+01
9.868318800000000834e+00,8.864031000000000660e+00,1.317877094147705641e+01
9.870300999999999547e+00,8.872529600000000016e+00,1.307877029599995389e+01
9.872268299999999996e+00,8.881031600000000026e+00,1.297877033673042568e+01
9.874220799999999798e+00,8.889537000000000688e+00,1.287877050051607242e+01
9.876158500000000728e+00,8.898045800000000227e+00,1.277877048545966865e+01
9.878081299999999842e+00,8.906558000000000419e+00,1.267877024117822415e+01
9.879989200000000693e+00,8.915073500000000095e+00,1.257877057834254408e+01
9.881882299999999120e+00,8.923592299999999256e+00,1.247877094291706257e+01
9.883760499999999283e+00,8.932114500000000845e+00,1.237877016070626546e+01
9.885623799999999406e+00,8.940639799999999582e+00,1.227877128310460364e+01
9.887472199999999489e+00,8.949168500000000748e+00,1.217877064586201818e+01
9.889305800000000701e+00,8.957700300000000837e+00,1.207877106314249893e+01
9.891124400000000705e+00,8.966235400000000411e+00,1.197877047066162248e+01
9.892928200000000061e+00,8.974773600000000684e+00,1.187877032715580761e+01
9.894716999999999985e+00,8.983314899999999881e+00,1.177877080243167818e+01
9.896490999999999261e+00,8.991859299999999777e+00,1.167877112278179474e+01
9.898250000000000881e+00,9.000406899999999766e+00,1.157877032757838087e+01
9.899994100000000685e+00,9.008957399999999893e+00,1.147877124677995297e+01
9.901723300000000449e+00,9.017511000000000720e+00,1.137877133209106795e+01
9.903437600000000174e+00,9.026067700000000471e+00,1.127877027961698353e+01
9.905136900000000466e+00,9.034627300000000361e+00,1.117877025599177543e+01
9.906821199999999550e+00,9.043189800000000389e+00,1.107877095379685883e+01
9.908490699999999762e+00,9.051755299999999949e+00,1.097877050418921208e+01
9.910145099999999374e+00,9.060323699999999647e+00,1.087877038450769618e+01
9.911784600000000722e+00,9.068894900000000092e+00,1.077877097851755828e+01
9.913409200000000254e+00,9.077469000000000676e+00,1.067877085973520401e+01
9.915018800000000354e+00,9.086045900000000231e+00,1.057877106344726315e+01
9.916613399999999245e+00,9.094625600000000532e+00,1.047877128334196151e+01
9.918193000000000481e+00,9.103208099999999803e+00,1.037877121310727624e+01
9.919757699999999900e+00,9.111793399999999821e+00,1.027877034196194117e+01
9.921307399999999888e+00,9.120381300000000024e+00,1.017877082778140263e+01
9.922841999999999274e+00,9.128971999999999198e+00,1.007877031047203253e+01
9.924361700000000397e+00,9.137565300000000335e+00,9.978770337873724472e+00
9.925866400000000311e+00,9.146161199999999880e+00,9.878770808313307228e+00
9.927356100000000794e+00,9.154759800000000780e+00,9.778770288336716021e+00
9.928830700000000675e+00,9.163360900000000697e+00,9.678770924604922499e+00
9.930290400000000517e+00,9.171964600000000800e+00,9.578770896721833239e+00
9.931734999999999758e+00,9.180570899999999313e+00,9.478770283848190203e+00
9.933164599999999567e+00,9.189179599999999226e+00,9.378770850357261324e+00
9.934579199999999943e+00,9.197790799999999933e+00,9.278771163126098287e+00
9.935978800000000888e+00,9.206404499999999658e+00,9.178770918975375892e+00
9.937363299999999455e+00,9.215020600000000783e+00,9.078771127112421624e+00
9.938732800000000367e+00,9.223639199999999150e+00,8.978770168684668818e+00
9.940087200000000678e+00,9.232260000000000133e+00,8.878771313966192125e+00
9.941426599999999780e+00,9.240883300000000133e+00,8.778770684310799766e+00
9.942750900000000058e+00,9.249508900000000367e+00,8.678770415102860625e+00
9.944060199999999128e+00,9.258136699999999664e+00,8.578771161290962510e+00
9.945354399999999373e+00,9.266766900000000362e+00,8.478770524660843577e+00
9.946633500000000794e+00,9.275399300000000125e+00,8.378770464485757685e+00
9.947897599999999230e+00,9.284033900000000727e+00,8.278770509439105751e+00
9.949146600000000618e+00,9.292670700000000394e+00,8.178770522147891242e+00
9.950380600000000797e+00,9.301309599999999733e+00,8.078771169785264661e+00
9.951599399999999207e+00,9.309950699999999912e+00,7.978771336104710343e+00
9.952803199999999961e+00,9.318593999999999156e+00,7.878770394684463163e+00
9.953991900000000115e+00,9.327239300000000455e+00,7.778770471003706000e+00
9.955165499999999668e+00,9.335886600000000257e+00,7.678771260395937936e+00
9.956324000000000396e+00,9.344536099999999124e+00,7.578770186370780593e+00
9.957467400000000524e+00,9.353187500000000654e+00,7.478770351171270647e+00
9.958595700000000051e+00,9.361840900000000687e+00,7.378770314479043080e+00
9.959708900000000753e+00,9.370496199999999831e+00,7.278770908300426612e+00
9.960806899999999686e+00,9.379153499999999255e+00,7.178770834992054262e+00
9.961889899999999187e+00,9.387812699999999566e+00,7.078770638689130479e+00
9.962957799999999864e+00,9.396473699999999596e+00,6.978771298095057141e+00
9.964010500000000548e+00,9.405136699999999905e+00,6.878770371943321749e+00
9.965048100000000630e+00,9.413801400000000541e+00,6.778770828117213654e+00
9.966070600000000113e+00,9.422467899999999119e+00,6.678771226007983230e+00
9.967078000000000770e+00,9.431136199999999192e+00,6.578771262433642519e+00
9.968070199999999659e+00,9.439806300000000761e+00,6.478770763518345355e+00
9.969047299999999723e+00,9.448478100000000879e+00,6.378770431646053396e+00
9.970009299999999186e+00,9.457151500000000155e+00,6.278771103373447460e+00
9.970956100000000433e+00,9.465826699999999150e+00,6.178770321687083289e+00
9.971887799999999302e+00,9.474503399999999687e+00,6.078771074565289645e+00
9.972804399999999347e+00,9.483181800000000550e+00,5.978770781441270721e+00
9.973705799999999400e+00,9.491861800000000571e+00,5.878770397109399859e+00
9.974591999999999459e+00,9.500543300000000357e+00,5.778770753862927378e+00
9.975463100000000694e+00,9.509226399999999302e+00,5.678770290827855227e+00
9.976319000000000159e+00,9.517910900000000396e+00,5.578771098561181141e+00
9.977159800000000800e+00,9.526597000000000648e+00,5.478770479679663907e+00
9.977985399999999672e+00,9.535284499999999497e+00,5.378770521547159511e+00
9.978795899999999719e+00,9.543973400000000495e+00,5.278770812116150957e+00
9.979591100000000381e+00,9.552663700000000091e+00,5.178771257602765132e+00
9.980371299999999835e+00,9.561355400000000060e+00,5.078771241075845211e+00
9.981136199999999903e+00,9.570048500000000402e+00,4.978770766215615318e+00
9.981885999999999370e+00,9.578742899999999949e+00,4.878770467281012380e+00
9.982620600000000621e+00,9.587438499999999308e+00,4.778771281555556527e+00
9.983340000000000103e+00,9.596135500000000818e+00,4.678770619249283946e+00
9.984044199999999591e+00,9.604833700000000363e+00,4.578770458300028601e+00
9.984733300000000256e+00,9.613533099999999720e+00,4.478770403624598551e+00
9.985407099999999758e+00,9.622233700000000667e+00,4.378770330582865355e+00
9.986065800000000436e+00,9.630935400000000257e+00,4.278770899322164034e+00
9.986709299999999345e+00,9.639638299999999660e+00,4.178770751307650855e+00
9.987337600000000037e+00,9.648342299999999483e+00,4.078770723962957589e+00
9.987950700000000737e+00,9.657047399999999726e+00,3.978770512138728233e+00
9.988548599999999666e+00,9.665753499999999221e+00,3.878770953979764791e+00
9.989131399999999772e+00,9.674460699999999136e+00,3.778770525804688862e+00
9.989698900000000492e+00,9.683168900000000079e+00,3.678770219071942904e+00
9.990251199999999443e+00,9.691878000000000881e+00,3.578770795213181533e+00
9.990788300000000177e+00,9.700588099999999159e+00,3.478770806065260679e+00
9.991310300000000311e+00,9.709299100000000848e+00,3.378771023287006514e+00
9.991816999999999283e+00,9.718011000000000621e+00,3.278771279583375442e+00
9.992308500000000038e+00,9.726723800000000253e+00,3.178771201057962514e+00
9.992784800000000800e+00,9.735437499999999744e+00,3.078770483353176601e+00
9.993245899999999793e+00,9.744151900000000310e+00,2.978771110857673321e+00
9.993691800000000569e+00,9.752867200000000736e+00,2.878770490916972236e+00
9.994122400000000184e+00,9.761583200000000460e+00,2.778770663894291282e+00
9.994537899999999198e+00,9.770299899999999482e+00,2.678771212957530956e+00
9.994938100000000603e+00,9.779017400000000748e+00,2.578770798725706914e+00
9.995323199999999630e+00,9.787735500000000144e+00,2.478771301769455704e+00
9.995692999999999273e+00,9.796454400000000007e+00,2.378770229880735609e+00
9.996047600000000699e+00,9.805173800000000384e+00,2.278770662560083426e+00
9.996386899999999187e+00,9.813893800000000667e+00,2.178771195050928977e+00
9.996711100000000627e+00,9.822614500000000248e+00,2.078770289584197073e+00
9.997019999999999129e+00,9.831335599999999175e+00,1.978771163300637959e+00
9.997313699999999415e+00,9.840057299999999785e+00,1.878771178985598533e+00
9.997592199999999707e+00,9.848779499999999132e+00,1.778771178542839282e+00
9.997855500000000006e+00,9.857502200000000769e+00,1.678770858714873304e+00
9.998103499999999144e+00,9.866225299999999976e+00,1.578771093302176132e+00
9.998336399999999458e+00,9.874948899999999696e+00,1.478770368548504743e+00
9.998554000000000386e+00,9.883672799999999370e+00,1.378770733531161863e+00
9.998756300000000152e+00,9.892397100000000165e+00,1.278770733688632921e+00
9.998943499999999318e+00,9.901121699999999137e+00,1.178771158472266212e+00
9.999115400000000875e+00,9.909846699999999231e+00,1.078770608371707684e+00
9.999272100000000663e+00,9.918571899999999886e+00,9.787710462550813784e-01
9.999413499999999289e+00,9.927297400000000493e+00,8.787710410793001525e-01
9.999539699999999698e+00,9.936023199999999278e+00,7.787702683337485166e-01
9.999650700000000114e+00,9.944749099999999231e+00,6.787707167662890839e-01
9.999746500000000538e+00,9.953475199999999745e+00,5.787709377485680262e-01
9.999826999999999799e+00,9.962201500000000820e+00,4.787706380125187899e-01
9.999892300000000844e+00,9.970927899999999511e+00,3.787706470398771730e-01
9.999942400000000120e+00,9.979654399999999370e+00,2.787706620465715268e-01
9.999977200000000011e+00,9.988381000000000398e+00,1.787703838238703102e-01
9.999996899999999300e+00,9.997107599999999650e+00,7.877064635682184957e-02
1.000000000000000000e+01,1.000000000000000000e+01,4.562616446080993565e-02
